DP 1.87/9.07_DS  (c)"Dirk Pflug"
   1.00000	   0.00000
   0.99671	   0.00011
   0.99105	   0.00047
   0.98436	   0.00108
   0.97672	   0.00182
   0.96857	   0.00263
   0.96020	   0.00353
   0.95171	   0.00452
   0.94316	   0.00557
   0.93462	   0.00667
   0.92610	   0.00784
   0.91757	   0.00908
   0.90902	   0.01038
   0.90046	   0.01174
   0.89189	   0.01316
   0.88330	   0.01463
   0.87467	   0.01615
   0.86600	   0.01772
   0.85729	   0.01933
   0.84854	   0.02097
   0.83974	   0.02264
   0.83092	   0.02431
   0.82212	   0.02598
   0.81334	   0.02763
   0.80461	   0.02925
   0.79592	   0.03084
   0.78724	   0.03239
   0.77858	   0.03390
   0.76993	   0.03538
   0.76129	   0.03681
   0.75265	   0.03820
   0.74401	   0.03955
   0.73536	   0.04085
   0.72669	   0.04212
   0.71800	   0.04335
   0.70930	   0.04454
   0.70059	   0.04570
   0.69188	   0.04682
   0.68316	   0.04791
   0.67443	   0.04895
   0.66567	   0.04996
   0.65691	   0.05094
   0.64815	   0.05189
   0.63938	   0.05280
   0.63062	   0.05367
   0.62184	   0.05451
   0.61306	   0.05532
   0.60428	   0.05609
   0.59550	   0.05683
   0.58672	   0.05753
   0.57793	   0.05819
   0.56914	   0.05882
   0.56034	   0.05941
   0.55154	   0.05997
   0.54275	   0.06049
   0.53396	   0.06097
   0.52517	   0.06142
   0.51637	   0.06183
   0.50756	   0.06220
   0.49876	   0.06254
   0.48995	   0.06284
   0.48114	   0.06310
   0.47232	   0.06333
   0.46350	   0.06352
   0.45467	   0.06367
   0.44585	   0.06380
   0.43702	   0.06388
   0.42818	   0.06394
   0.41935	   0.06396
   0.41051	   0.06394
   0.40167	   0.06389
   0.39283	   0.06381
   0.38399	   0.06370
   0.37515	   0.06356
   0.36632	   0.06338
   0.35748	   0.06317
   0.34866	   0.06292
   0.33983	   0.06264
   0.33101	   0.06233
   0.32219	   0.06198
   0.31339	   0.06160
   0.30458	   0.06118
   0.29579	   0.06073
   0.28700	   0.06024
   0.27823	   0.05971
   0.26946	   0.05915
   0.26070	   0.05854
   0.25195	   0.05790
   0.24322	   0.05721
   0.23450	   0.05649
   0.22579	   0.05572
   0.21709	   0.05491
   0.20840	   0.05405
   0.19974	   0.05315
   0.19108	   0.05220
   0.18245	   0.05121
   0.17383	   0.05017
   0.16525	   0.04908
   0.15668	   0.04794
   0.14815	   0.04675
   0.13966	   0.04550
   0.13120	   0.04419
   0.12280	   0.04283
   0.11445	   0.04140
   0.10616	   0.03991
   0.09795	   0.03835
   0.08983	   0.03672
   0.08181	   0.03501
   0.07392	   0.03322
   0.06618	   0.03134
   0.05864	   0.02939
   0.05134	   0.02735
   0.04435	   0.02525
   0.03778	   0.02311
   0.03174	   0.02096
   0.02635	   0.01887
   0.02168	   0.01689
   0.01772	   0.01505
   0.01443	   0.01337
   0.01169	   0.01185
   0.00941	   0.01046
   0.00751	   0.00919
   0.00591	   0.00801
   0.00457	   0.00692
   0.00343	   0.00588
   0.00247	   0.00490
   0.00168	   0.00395
   0.00105	   0.00302
   0.00057	   0.00212
   0.00023	   0.00124
   0.00004	   0.00041
   0.00000	   0.00000
   0.00007	  -0.00053
   0.00031	  -0.00124
   0.00072	  -0.00192
   0.00130	  -0.00258
   0.00206	  -0.00322
   0.00299	  -0.00385
   0.00410	  -0.00449
   0.00540	  -0.00515
   0.00692	  -0.00583
   0.00869	  -0.00654
   0.01077	  -0.00729
   0.01324	  -0.00809
   0.01621	  -0.00895
   0.01982	  -0.00990
   0.02422	  -0.01093
   0.02951	  -0.01204
   0.03573	  -0.01320
   0.04273	  -0.01435
   0.05030	  -0.01547
   0.05824	  -0.01651
   0.06640	  -0.01748
   0.07472	  -0.01837
   0.08315	  -0.01919
   0.09167	  -0.01995
   0.10024	  -0.02064
   0.10886	  -0.02127
   0.11754	  -0.02185
   0.12627	  -0.02238
   0.13503	  -0.02286
   0.14382	  -0.02330
   0.15265	  -0.02371
   0.16151	  -0.02409
   0.17038	  -0.02444
   0.17927	  -0.02476
   0.18817	  -0.02504
   0.19710	  -0.02530
   0.20603	  -0.02553
   0.21497	  -0.02575
   0.22392	  -0.02594
   0.23287	  -0.02611
   0.24183	  -0.02626
   0.25080	  -0.02641
   0.25976	  -0.02653
   0.26872	  -0.02663
   0.27768	  -0.02672
   0.28662	  -0.02680
   0.29557	  -0.02687
   0.30453	  -0.02692
   0.31350	  -0.02696
   0.32245	  -0.02699
   0.33140	  -0.02700
   0.34034	  -0.02701
   0.34928	  -0.02701
   0.35821	  -0.02700
   0.36715	  -0.02697
   0.37608	  -0.02693
   0.38500	  -0.02689
   0.39390	  -0.02684
   0.40281	  -0.02678
   0.41172	  -0.02671
   0.42064	  -0.02663
   0.42954	  -0.02654
   0.43842	  -0.02645
   0.44730	  -0.02635
   0.45619	  -0.02623
   0.46507	  -0.02611
   0.47396	  -0.02597
   0.48284	  -0.02583
   0.49170	  -0.02569
   0.50056	  -0.02553
   0.50943	  -0.02537
   0.51830	  -0.02520
   0.52717	  -0.02501
   0.53604	  -0.02482
   0.54491	  -0.02463
   0.55379	  -0.02442
   0.56267	  -0.02420
   0.57155	  -0.02397
   0.58044	  -0.02373
   0.58933	  -0.02350
   0.59822	  -0.02325
   0.60712	  -0.02299
   0.61604	  -0.02271
   0.62496	  -0.02243
   0.63388	  -0.02214
   0.64280	  -0.02184
   0.65173	  -0.02152
   0.66067	  -0.02119
   0.66961	  -0.02085
   0.67857	  -0.02050
   0.68753	  -0.02015
   0.69649	  -0.01979
   0.70546	  -0.01941
   0.71445	  -0.01902
   0.72343	  -0.01862
   0.73242	  -0.01820
   0.74142	  -0.01777
   0.75042	  -0.01733
   0.75942	  -0.01688
   0.76841	  -0.01642
   0.77739	  -0.01593
   0.78636	  -0.01544
   0.79530	  -0.01492
   0.80422	  -0.01439
   0.81311	  -0.01384
   0.82197	  -0.01328
   0.83080	  -0.01270
   0.83959	  -0.01210
   0.84833	  -0.01151
   0.85705	  -0.01091
   0.86576	  -0.01028
   0.87442	  -0.00968
   0.88306	  -0.00910
   0.89169	  -0.00852
   0.90032	  -0.00795
   0.90891	  -0.00741
   0.91749	  -0.00688
   0.92610	  -0.00636
   0.93470	  -0.00585
   0.94327	  -0.00534
   0.95184	  -0.00481
   0.96039	  -0.00424
   0.96880	  -0.00362
   0.97697	  -0.00291
   0.98459	  -0.00216
   0.99123	  -0.00141
   0.99681	  -0.00063
   1.00000	   0.00000

