DP 1.79/8.37_DS  (c)"Dirk Pflug"
   1.00000	   0.00000
   0.99668	   0.00045
   0.99057	   0.00142
   0.98340	   0.00274
   0.97562	   0.00429
   0.96756	   0.00595
   0.95936	   0.00769
   0.95109	   0.00946
   0.94281	   0.01122
   0.93457	   0.01296
   0.92635	   0.01467
   0.91815	   0.01634
   0.90998	   0.01797
   0.90180	   0.01954
   0.89363	   0.02107
   0.88545	   0.02254
   0.87726	   0.02396
   0.86905	   0.02534
   0.86081	   0.02667
   0.85257	   0.02796
   0.84430	   0.02922
   0.83601	   0.03044
   0.82772	   0.03163
   0.81941	   0.03279
   0.81109	   0.03391
   0.80276	   0.03501
   0.79443	   0.03609
   0.78608	   0.03713
   0.77774	   0.03815
   0.76938	   0.03915
   0.76102	   0.04012
   0.75266	   0.04107
   0.74429	   0.04199
   0.73593	   0.04288
   0.72755	   0.04376
   0.71918	   0.04461
   0.71080	   0.04544
   0.70242	   0.04624
   0.69404	   0.04702
   0.68565	   0.04777
   0.67727	   0.04850
   0.66888	   0.04921
   0.66049	   0.04989
   0.65210	   0.05055
   0.64371	   0.05118
   0.63531	   0.05179
   0.62691	   0.05238
   0.61852	   0.05294
   0.61012	   0.05347
   0.60172	   0.05398
   0.59332	   0.05447
   0.58492	   0.05493
   0.57651	   0.05537
   0.56811	   0.05578
   0.55971	   0.05616
   0.55129	   0.05653
   0.54288	   0.05687
   0.53447	   0.05718
   0.52605	   0.05747
   0.51764	   0.05774
   0.50920	   0.05798
   0.50077	   0.05821
   0.49234	   0.05842
   0.48392	   0.05861
   0.47551	   0.05877
   0.46709	   0.05890
   0.45867	   0.05901
   0.45023	   0.05911
   0.44180	   0.05918
   0.43338	   0.05923
   0.42496	   0.05926
   0.41654	   0.05926
   0.40810	   0.05924
   0.39967	   0.05921
   0.39125	   0.05915
   0.38283	   0.05907
   0.37441	   0.05896
   0.36599	   0.05883
   0.35756	   0.05868
   0.34913	   0.05851
   0.34072	   0.05831
   0.33231	   0.05809
   0.32390	   0.05784
   0.31547	   0.05757
   0.30706	   0.05728
   0.29866	   0.05697
   0.29027	   0.05662
   0.28187	   0.05625
   0.27347	   0.05585
   0.26507	   0.05543
   0.25669	   0.05497
   0.24832	   0.05449
   0.23995	   0.05398
   0.23157	   0.05343
   0.22321	   0.05285
   0.21486	   0.05224
   0.20653	   0.05159
   0.19819	   0.05090
   0.18986	   0.05017
   0.18155	   0.04941
   0.17327	   0.04861
   0.16499	   0.04775
   0.15673	   0.04685
   0.14849	   0.04590
   0.14029	   0.04489
   0.13210	   0.04382
   0.12392	   0.04269
   0.11580	   0.04150
   0.10774	   0.04023
   0.09971	   0.03887
   0.09172	   0.03743
   0.08382	   0.03590
   0.07599	   0.03427
   0.06823	   0.03251
   0.06059	   0.03064
   0.05307	   0.02863
   0.04570	   0.02648
   0.03855	   0.02418
   0.03168	   0.02174
   0.02524	   0.01917
   0.01941	   0.01653
   0.01444	   0.01399
   0.01052	   0.01167
   0.00755	   0.00965
   0.00533	   0.00794
   0.00368	   0.00646
   0.00243	   0.00516
   0.00148	   0.00400
   0.00078	   0.00294
   0.00029	   0.00193
   0.00003	   0.00098
   0.00000	   0.00000
   0.00018	  -0.00085
   0.00063	  -0.00178
   0.00133	  -0.00268
   0.00231	  -0.00354
   0.00359	  -0.00439
   0.00523	  -0.00527
   0.00736	  -0.00623
   0.01017	  -0.00731
   0.01398	  -0.00854
   0.01900	  -0.00994
   0.02514	  -0.01140
   0.03213	  -0.01279
   0.03959	  -0.01408
   0.04730	  -0.01523
   0.05523	  -0.01629
   0.06322	  -0.01723
   0.07129	  -0.01808
   0.07946	  -0.01885
   0.08766	  -0.01956
   0.09588	  -0.02019
   0.10415	  -0.02077
   0.11245	  -0.02130
   0.12074	  -0.02178
   0.12907	  -0.02221
   0.13743	  -0.02260
   0.14578	  -0.02296
   0.15414	  -0.02327
   0.16253	  -0.02356
   0.17095	  -0.02382
   0.17937	  -0.02405
   0.18777	  -0.02427
   0.19617	  -0.02445
   0.20461	  -0.02461
   0.21305	  -0.02475
   0.22149	  -0.02487
   0.22991	  -0.02498
   0.23835	  -0.02506
   0.24681	  -0.02513
   0.25528	  -0.02518
   0.26373	  -0.02523
   0.27218	  -0.02525
   0.28063	  -0.02526
   0.28911	  -0.02526
   0.29760	  -0.02525
   0.30608	  -0.02523
   0.31453	  -0.02521
   0.32299	  -0.02517
   0.33145	  -0.02511
   0.33993	  -0.02504
   0.34841	  -0.02497
   0.35689	  -0.02489
   0.36537	  -0.02480
   0.37385	  -0.02470
   0.38233	  -0.02459
   0.39082	  -0.02448
   0.39930	  -0.02436
   0.40777	  -0.02423
   0.41624	  -0.02409
   0.42473	  -0.02394
   0.43323	  -0.02379
   0.44173	  -0.02364
   0.45021	  -0.02348
   0.45869	  -0.02332
   0.46716	  -0.02314
   0.47565	  -0.02296
   0.48414	  -0.02276
   0.49264	  -0.02257
   0.50113	  -0.02238
   0.50961	  -0.02217
   0.51809	  -0.02197
   0.52658	  -0.02175
   0.53507	  -0.02153
   0.54355	  -0.02130
   0.55204	  -0.02107
   0.56051	  -0.02083
   0.56900	  -0.02058
   0.57749	  -0.02032
   0.58599	  -0.02007
   0.59449	  -0.01981
   0.60297	  -0.01955
   0.61144	  -0.01928
   0.61992	  -0.01900
   0.62840	  -0.01871
   0.63688	  -0.01842
   0.64537	  -0.01812
   0.65386	  -0.01782
   0.66234	  -0.01751
   0.67083	  -0.01720
   0.67931	  -0.01688
   0.68779	  -0.01656
   0.69627	  -0.01622
   0.70475	  -0.01588
   0.71324	  -0.01554
   0.72173	  -0.01519
   0.73021	  -0.01484
   0.73868	  -0.01448
   0.74714	  -0.01411
   0.75562	  -0.01373
   0.76410	  -0.01334
   0.77258	  -0.01295
   0.78105	  -0.01256
   0.78951	  -0.01215
   0.79797	  -0.01173
   0.80643	  -0.01130
   0.81489	  -0.01087
   0.82336	  -0.01042
   0.83183	  -0.00996
   0.84030	  -0.00950
   0.84878	  -0.00903
   0.85725	  -0.00855
   0.86573	  -0.00807
   0.87420	  -0.00759
   0.88267	  -0.00711
   0.89115	  -0.00665
   0.89962	  -0.00619
   0.90808	  -0.00573
   0.91654	  -0.00530
   0.92502	  -0.00486
   0.93349	  -0.00443
   0.94193	  -0.00401
   0.95035	  -0.00359
   0.95872	  -0.00314
   0.96707	  -0.00266
   0.97532	  -0.00215
   0.98332	  -0.00160
   0.99066	  -0.00105
   0.99673	  -0.00045
   1.00000	   0.00000

