Eiffel 385 from kurisawa+airfoilevaluator
 1.000000  0.003884
 0.983043  0.0076
 0.96983  0.011124
 0.956817  0.014477
 0.944004  0.017669
 0.931381  0.020719
 0.918946  0.023657
 0.906688  0.026483
 0.894612  0.029299
 0.882702  0.032043
 0.870967  0.034715
 0.859398  0.037304
 0.847994  0.039832
 0.836755  0.042287
 0.825671  0.04467
 0.814743  0.046979
 0.80397  0.049217
 0.793353  0.051381
 0.78287  0.053472
 0.772543  0.05549
 0.76235  0.057454
 0.752301  0.059365
 0.742398  0.061203
 0.732618  0.062997
 0.722972  0.064727
 0.71346  0.066414
 0.704073  0.068046
 0.69481  0.069604
 0.68567  0.071128
 0.676644  0.072598
 0.667752  0.074024
 0.658962  0.075415
 0.650296  0.076762
 0.641733  0.078073
 0.633294  0.079341
 0.624956  0.080584
 0.616723  0.081781
 0.608601  0.082955
 0.600571  0.084112
 0.592641  0.085295
 0.584824  0.086434
 0.577089  0.087556
 0.569457  0.088644
 0.561927  0.089706
 0.55448  0.090733
 0.547125  0.091724
 0.539863  0.092689
 0.532693  0.093619
 0.525607  0.094513
 0.518613  0.095371
 0.511701  0.096193
 0.504872  0.096989
 0.498127  0.097728
 0.491465  0.098412
 0.484876  0.099059
 0.47838  0.09966
 0.471946  0.100244
 0.465594  0.100782
 0.459325  0.101294
 0.453118  0.101779
 0.446994  0.102228
 0.440932  0.10265
 0.434942  0.103045
 0.429024  0.103404
 0.423179  0.103736
 0.417395  0.104051
 0.411683  0.104329
 0.406033  0.104591
 0.400446  0.104815
 0.394921  0.105012
 0.389457  0.105192
 0.384066  0.105336
 0.378726  0.105462
 0.373448  0.105561
 0.368232  0.105643
 0.363067  0.105697
 0.357965  0.105735
 0.352913  0.105755
 0.347924  0.105747
 0.342985  0.105733
 0.338098  0.10569
 0.333263  0.105631
 0.32849  0.105544
 0.323758  0.105449
 0.319087  0.105337
 0.314457  0.105207
 0.309879  0.10506
 0.305352  0.104905
 0.300867  0.104722
 0.296442  0.104532
 0.292048  0.104344
 0.287705  0.104138
 0.283414  0.103914
 0.279163  0.103683
 0.274954  0.103434
 0.270786  0.103176
 0.266669  0.102901
 0.262593  0.102608
 0.258559  0.102307
 0.254565  0.101988
 0.250603  0.101651
 0.246691  0.101316
 0.242821  0.100953
 0.238982  0.100581
 0.235184  0.100202
 0.231427  0.099804
 0.227711  0.099388
 0.224026  0.098964
 0.220382  0.098532
 0.216769  0.098081
 0.213197  0.097623
 0.209656  0.097145
 0.206146  0.09666
 0.202678  0.096156
 0.19924  0.095644
 0.195843  0.095113
 0.192468  0.094564
 0.189133  0.094006
 0.18583  0.09343
 0.182557  0.092846
 0.179316  0.092253
 0.176115  0.091642
 0.172935  0.091032
 0.169786  0.090393
 0.166668  0.089756
 0.163581  0.089111
 0.160524  0.088446
 0.157489  0.087773
 0.154484  0.087092
 0.15151  0.086401
 0.148567  0.085693
 0.145655  0.084975
 0.142764  0.084239
 0.139893  0.083494
 0.137065  0.08273
 0.134246  0.081967
 0.131468  0.081186
 0.128711  0.080407
 0.125975  0.079608
 0.123269  0.07881
 0.120584  0.078004
 0.11792  0.077178
 0.115286  0.076354
 0.112673  0.075521
 0.11008  0.074679
 0.107518  0.073829
 0.104977  0.072979
 0.102456  0.072111
 0.099966  0.071244
 0.097487  0.070367
 0.095037  0.069502
 0.092598  0.068618
 0.090189  0.067735
 0.087802  0.066843
 0.085434  0.065942
 0.083088  0.065032
 0.080762  0.064113
 0.078457  0.063185
 0.076172  0.062247
 0.073908  0.061301
 0.071656  0.060336
 0.069434  0.059361
 0.067223  0.058357
 0.065043  0.057365
 0.062874  0.056343
 0.060725  0.055322
 0.058597  0.054292
 0.056479  0.053253
 0.054383  0.052194
 0.052307  0.051137
 0.050251  0.05007
 0.048216  0.048994
 0.046189  0.04796
 0.044173  0.046915
 0.042187  0.045862
 0.040212  0.0448
 0.038248  0.043728
 0.036315  0.042638
 0.034383  0.041527
 0.032482  0.040398
 0.030593  0.039239
 0.028716  0.03805
 0.02686  0.036822
 0.025017  0.035565
 0.023196  0.034258
 0.02139  0.032851
 0.019608  0.031394
 0.017838  0.029878
 0.016091  0.028312
 0.014359  0.026666
 0.012641  0.024941
 0.010947  0.023135
 0.009269  0.02121
 0.007619  0.019154
 0.005988  0.016918
 0.004379  0.01444
 0.002802  0.01157
 0.001281  0.007986
 0.000331  0.004502
 0.000000  0.000
 0.000825  -0.004987
 0.002138  -0.008484
 0.004017  -0.01178
 0.005872  -0.014239
 0.007715  -0.016265
 0.009553  -0.018007
 0.011391  -0.019548
 0.013242  -0.020957
 0.015096  -0.022234
 0.016967  -0.023429
 0.018842  -0.024534
 0.020725  -0.025577
 0.022625  -0.026559
 0.024532  -0.02749
 0.026457  -0.02838
 0.02839  -0.029239
 0.030343  -0.030076
 0.032304  -0.030873
 0.034283  -0.031639
 0.03627  -0.032374
 0.038267  -0.033078
 0.040292  -0.03376
 0.042316  -0.034413
 0.044369  -0.035043
 0.046431  -0.035653
 0.048501  -0.036232
 0.050602  -0.036799
 0.05271  -0.037336
 0.054828  -0.037852
 0.056965  -0.038357
 0.059121  -0.03883
 0.061297  -0.039293
 0.063491  -0.039724
 0.065694  -0.040135
 0.067917  -0.040534
 0.070158  -0.040902
 0.072409  -0.04125
 0.074688  -0.041576
 0.076977  -0.041881
 0.079294  -0.042144
 0.081619  -0.042387
 0.083964  -0.042598
 0.086327  -0.042788
 0.08871  -0.042967
 0.091113  -0.043135
 0.093534  -0.043271
 0.095975  -0.043407
 0.098436  -0.043521
 0.100926  -0.043624
 0.103426  -0.043716
 0.105958  -0.043847
 0.108499  -0.043967
 0.11107  -0.044076
 0.113661  -0.044173
 0.116272  -0.044259
 0.118912  -0.044334
 0.121572  -0.044398
 0.124251  -0.04445
 0.12696  -0.044491
 0.129689  -0.04452
 0.132437  -0.044529
 0.135215  -0.044526
 0.138012  -0.044511
 0.140828  -0.044476
 0.143684  -0.044428
 0.146549  -0.04436
 0.149454  -0.044269
 0.152378  -0.044168
 0.155319  -0.044014
 0.158288  -0.043799
 0.161286  -0.043572
 0.164314  -0.043334
 0.167371  -0.043074
 0.170447  -0.042793
 0.173553  -0.0425
 0.176689  -0.042195
 0.179854  -0.041879
 0.183048  -0.041541
 0.186263  -0.041202
 0.189517  -0.04084
 0.192801  -0.040477
 0.196115  -0.040103
 0.199458  -0.039717
 0.202841  -0.039318
 0.206246  -0.038949
 0.209693  -0.038608
 0.21317  -0.038255
 0.216686  -0.037891
 0.220233  -0.037524
 0.223809  -0.037156
 0.227426  -0.036786
 0.231073  -0.036404
 0.23476  -0.03602
 0.238477  -0.035635
 0.242234  -0.035237
 0.246032  -0.034838
 0.249869  -0.034426
 0.253736  -0.034012
 0.257644  -0.033597
 0.261601  -0.033169
 0.265588  -0.032729
 0.269616  -0.032297
 0.273684  -0.031853
 0.277792  -0.031396
 0.281949  -0.030938
 0.286147  -0.030467
 0.290385  -0.029993
 0.294663  -0.029508
 0.298991  -0.02902
 0.303369  -0.02852
 0.307774  -0.027967
 0.312238  -0.027381
 0.316743  -0.026793
 0.321298  -0.026202
 0.325903  -0.025599
 0.330548  -0.024994
 0.335254  -0.024385
 0.34  -0.023774
 0.344806  -0.02316
 0.349663  -0.022544
 0.35457  -0.021935
 0.359528  -0.021313
 0.364546  -0.020698
 0.369615  -0.020081
 0.374745  -0.019471
 0.379925  -0.018857
 0.385167  -0.018261
 0.390469  -0.017662
 0.395821  -0.01706
 0.401245  -0.016475
 0.406732  -0.015927
 0.412281  -0.015426
 0.417892  -0.014942
 0.423564  -0.014465
 0.429307  -0.013984
 0.435111  -0.01352
 0.440986  -0.013063
 0.446932  -0.012612
 0.452949  -0.012167
 0.459028  -0.01174
 0.465187  -0.011308
 0.471407  -0.010883
 0.477709  -0.010464
 0.484091  -0.010051
 0.490535  -0.009645
 0.497069  -0.009244
 0.503674  -0.00884
 0.51036  -0.008441
 0.517127  -0.008038
 0.523975  -0.007641
 0.530904  -0.00725
 0.537924  -0.006855
 0.545025  -0.006475
 0.552217  -0.00609
 0.5595  -0.005711
 0.566875  -0.005337
 0.57433  -0.00497
 0.581887  -0.004606
 0.589545  -0.004248
 0.597284  -0.003896
 0.605134  -0.003538
 0.613085  -0.003174
 0.621127  -0.002816
 0.62928  -0.002463
 0.637534  -0.002114
 0.64589  -0.00177
 0.654367  -0.001429
 0.662946  -0.001104
 0.671647  -0.000792
 0.680449  -0.000486
 0.689383  -0.000192
 0.698429  0.000087
 0.707596  0.000362
 0.716886  0.000603
 0.726299  0.00083
 0.735843  0.001045
 0.745519  0.001245
 0.755317  0.001432
 0.765258  0.001596
 0.775342  0.001737
 0.785557  0.001865
 0.795925  0.00197
 0.806426  0.002052
 0.817077  0.002152
 0.82788  0.00224
 0.838837  0.002295
 0.849947  0.002318
 0.86122  0.002299
 0.872658  0.002227
 0.88426  0.002104
 0.896037  0.001929
 0.907978  0.001692
 0.920115  0.001203
 0.932422  0.000723
 0.94491  0.000272
 0.957576  -0.000099
 0.970427  -0.000349
 0.983463  -0.000459
 1.000000  -0.000367

http://30.pro.tok2.com/~kurisawa/aeronautics/Airfoils/OpenFiles.link/WC0/OPT/OPT0191-2_A.txt
+ airfoilevaluator.com import