MH 17	Martin Hepperle Designed for pylon racing    
1.000000    0.000000	   
0.993894    0.000399	   
0.983357    0.001545	   
0.970742    0.003043	   
0.955903    0.004984	   
0.939780    0.007312	   
0.923695    0.009868	   
0.907824    0.012621	   
0.891857    0.015605	   
0.875745    0.018806	   
0.859514    0.022179	   
0.843107    0.025685	   
0.826607    0.029243	   
0.810208    0.032748	   
0.793932    0.036140	   
0.777731    0.039391	   
0.761569    0.042485	   
0.745403    0.045414	   
0.729200    0.048185	   
0.712947    0.050804	   
0.696649    0.053279	   
0.680317    0.055611	   
0.663954    0.057804	   
0.647564    0.059861	   
0.631154    0.061782	   
0.614732    0.063566	   
0.598300    0.065212	   
0.581855    0.066718	   
0.565405    0.068086	   
0.548954    0.069309	   
0.532499    0.070388	   
0.516037    0.071321	   
0.499569    0.072106	   
0.483096    0.072745	   
0.466608    0.073237	   
0.450108    0.073587	   
0.433598    0.073796	   
0.417070    0.073866	   
0.400531    0.073804	   
0.383984    0.073610	   
0.367422    0.073289	   
0.350858    0.072844	   
0.334296    0.072276	   
0.317738    0.071586	   
0.301194    0.070773	   
0.284670    0.069834	   
0.268176    0.068765	   
0.251727    0.067560	   
0.235331    0.066208	   
0.218998    0.064700	   
0.202752    0.063020	   
0.186612    0.061151	   
0.170597    0.059073	   
0.154744    0.056760	   
0.139075    0.054183	   
0.123622    0.051310	   
0.108410    0.048106	   
0.093454    0.044534	   
0.078795    0.040570	   
0.064484    0.036188	   
0.050660    0.031400	   
0.037699    0.026319	   
0.026460    0.021324	   
0.017868    0.016976	   
0.011873    0.013492	   
0.007732    0.010691	   
0.004802    0.008319	   
0.002708    0.006188	   
0.001260    0.004181	   
0.000373    0.002249	   
0.000013    0.000407	   
0.000153   -0.001386	   
0.000865   -0.003200	   
0.002206   -0.004938	   
0.004184   -0.006568	   
0.006875   -0.008155	     
0.010519   -0.009805	   
0.015612   -0.011651	   
0.022977   -0.013838	   
0.033434   -0.016413	   
0.046716   -0.019165	   
0.061565   -0.021796	   
0.077098   -0.024187	   
0.092980   -0.026338	   
0.109087   -0.028278	   
0.125358   -0.030041	   
0.141773   -0.031657	   
0.158291   -0.033153	   
0.174900   -0.034551	   
0.191566   -0.035868	   
0.208271   -0.037113	   
0.225004   -0.038291	   
0.241756   -0.039409	   
0.258519   -0.040468	   
0.275282   -0.041468	   
0.292043   -0.042408	   
0.308802   -0.043286	   
0.325549   -0.044098	   
0.342283   -0.044841	   
0.359006   -0.045508	   
0.375714   -0.046097	   
0.392405   -0.046602	   
0.409082   -0.047016	   
0.425744   -0.047336	   
0.442388   -0.047557	   
0.459018   -0.047672	   
0.475638   -0.047680	   
0.492249   -0.047577	   
0.508850   -0.047361	   
0.525450   -0.047030	   
0.542057   -0.046586	   
0.558672   -0.046032	   
0.575300   -0.045371	   
0.591946   -0.044609	   
0.608612   -0.043752	   
0.625299   -0.042808	   
0.642005   -0.041783	   
0.658729   -0.040685	   
0.675476   -0.039519	   
0.692248   -0.038295	   
0.709042   -0.037020	   
0.725861   -0.035702	   
0.742705   -0.034349	   
0.759554   -0.032969	   
0.776381   -0.031563	   
0.793156   -0.030122	   
0.809846   -0.028632	   
0.826427   -0.027068	   
0.842887   -0.025400	   
0.859227   -0.023598	   
0.875481   -0.021635	   
0.891676   -0.019489	   
0.907758   -0.017160	   
0.923760   -0.014644	   
0.939979   -0.011896	   
0.956211   -0.008961	   
0.971059   -0.006130	   
0.983588   -0.003636	   
0.993993   -0.001491	   
1.000000    0.000000	   

Designed for pylon racing model aircraft (Q500 class)	     
http://www.mh-aerotools.de/airfoils/mh17koo.htm	   
Characteristics	   
Thickness: 12.13%	   
Smaller moment coefficient cm c/4 than e.g. MH 16.	   
Well suited for the Quickie 500.	   
Can be used at Reynolds numbers of 400'000 and above.	   
Developed for lift coefficients between -0.1 and 0.6.	   
Similar to the MH 16, but with almost zero moment coefficient (benefit:  lower load on horizontal tailplane)	   
See also MH 16, MH 18, MH 18B, MH 20, MH 22, MH 27.	 