NM19 emplanture (c)Nicolas Mathis kipecoul.e-monsite.com/pages/profil-de-voltige/profil-de-grand-planeur-de-voltige-a-partir-de-4m.html
 1.00000     0.00091
 0.99585     0.00145
 0.98806     0.00255
 0.98012     0.00372
 0.97211     0.00496
 0.96408     0.00618
 0.95607     0.00740
 0.94804     0.00863
 0.94000     0.00980
 0.93196     0.01096
 0.92391     0.01213
 0.91586     0.01328
 0.90782     0.01443
 0.89977     0.01559
 0.89173     0.01674
 0.88369     0.01790
 0.87564     0.01905
 0.86760     0.02020
 0.85958     0.02132
 0.85154     0.02246
 0.84351     0.02360
 0.83550     0.02474
 0.82747     0.02587
 0.81944     0.02701
 0.81140     0.02814
 0.80337     0.02924
 0.79533     0.03037
 0.78728     0.03146
 0.77924     0.03255
 0.77120     0.03366
 0.76316     0.03473
 0.75512     0.03582
 0.74707     0.03690
 0.73903     0.03796
 0.73101     0.03900
 0.72300     0.04006
 0.71496     0.04110
 0.70692     0.04214
 0.69889     0.04316
 0.69084     0.04420
 0.68279     0.04523
 0.67474     0.04624
 0.66669     0.04726
 0.65863     0.04825
 0.65057     0.04926
 0.64250     0.05024
 0.63446     0.05118
 0.62641     0.05210
 0.61835     0.05306
 0.61029     0.05401
 0.60223     0.05491
 0.59417     0.05581
 0.58610     0.05666
 0.57804     0.05754
 0.56997     0.05839
 0.56190     0.05924
 0.55385     0.06005
 0.54580     0.06084
 0.53772     0.06162
 0.52966     0.06238
 0.52162     0.06312
 0.51355     0.06383
 0.50548     0.06452
 0.49740     0.06520
 0.48934     0.06587
 0.48127     0.06649
 0.47320     0.06709
 0.46513     0.06767
 0.45707     0.06822
 0.44898     0.06876
 0.44090     0.06931
 0.43284     0.06981
 0.42476     0.07030
 0.41667     0.07076
 0.40861     0.07119
 0.40055     0.07160
 0.39247     0.07197
 0.38439     0.07231
 0.37632     0.07263
 0.36825     0.07291
 0.36017     0.07315
 0.35209     0.07336
 0.34401     0.07353
 0.33595     0.07370
 0.32788     0.07381
 0.31981     0.07388
 0.31173     0.07393
 0.30366     0.07392
 0.29560     0.07387
 0.28753     0.07379
 0.27945     0.07365
 0.27139     0.07349
 0.26333     0.07325
 0.25527     0.07300
 0.24722     0.07267
 0.23914     0.07229
 0.23109     0.07188
 0.22306     0.07140
 0.21501     0.07083
 0.20697     0.07025
 0.19892     0.06957
 0.19090     0.06884
 0.18286     0.06803
 0.17485     0.06717
 0.16684     0.06621
 0.15885     0.06517
 0.15086     0.06403
 0.14285     0.06281
 0.13489     0.06150
 0.12694     0.06009
 0.11900     0.05855
 0.11108     0.05691
 0.10318     0.05512
 0.09531     0.05324
 0.08746     0.05119
 0.07964     0.04900
 0.07188     0.04665
 0.06417     0.04410
 0.05649     0.04133
 0.04890     0.03839
 0.04142     0.03517
 0.03404     0.03167
 0.02690     0.02789
 0.02002     0.02366
 0.01355     0.01903
 0.00776     0.01391
 0.00365     0.00915
 0.00150     0.00546
 0.00062     0.00295
 0.00020     0.00129
 0.00003     0.00039
-0.00000    -0.00000
 0.00003    -0.00038
 0.00020    -0.00122
 0.00070    -0.00289
 0.00132    -0.00429
 0.00179    -0.00506
 0.00240    -0.00591
 0.00416    -0.00782
 0.00842    -0.01111
 0.01467    -0.01453
 0.02169    -0.01745
 0.02925    -0.02005
 0.03689    -0.02223
 0.04469    -0.02413
 0.05254    -0.02578
 0.06045    -0.02725
 0.06839    -0.02855
 0.07637    -0.02970
 0.08436    -0.03072
 0.09235    -0.03161
 0.10038    -0.03242
 0.10842    -0.03313
 0.11645    -0.03377
 0.12450    -0.03434
 0.13256    -0.03483
 0.14061    -0.03526
 0.14869    -0.03565
 0.15676    -0.03598
 0.16484    -0.03626
 0.17291    -0.03648
 0.18098    -0.03669
 0.18907    -0.03683
 0.19715    -0.03697
 0.20523    -0.03704
 0.21331    -0.03710
 0.22139    -0.03710
 0.22946    -0.03708
 0.23756    -0.03703
 0.24564    -0.03695
 0.25372    -0.03684
 0.26179    -0.03671
 0.26987    -0.03655
 0.27794    -0.03636
 0.28604    -0.03619
 0.29411    -0.03596
 0.30220    -0.03574
 0.31027    -0.03549
 0.31835    -0.03521
 0.32643    -0.03492
 0.33452    -0.03464
 0.34258    -0.03429
 0.35067    -0.03397
 0.35875    -0.03360
 0.36685    -0.03324
 0.37493    -0.03288
 0.38301    -0.03248
 0.39109    -0.03209
 0.39918    -0.03167
 0.40728    -0.03125
 0.41536    -0.03083
 0.42345    -0.03040
 0.43152    -0.02995
 0.43961    -0.02949
 0.44769    -0.02903
 0.45576    -0.02855
 0.46381    -0.02809
 0.47187    -0.02761
 0.47993    -0.02713
 0.48801    -0.02663
 0.49608    -0.02611
 0.50416    -0.02561
 0.51222    -0.02506
 0.52030    -0.02453
 0.52838    -0.02400
 0.53645    -0.02344
 0.54451    -0.02286
 0.55259    -0.02232
 0.56066    -0.02176
 0.56872    -0.02118
 0.57678    -0.02059
 0.58483    -0.02002
 0.59290    -0.01943
 0.60096    -0.01885
 0.60905    -0.01826
 0.61714    -0.01766
 0.62521    -0.01707
 0.63329    -0.01647
 0.64137    -0.01588
 0.64945    -0.01529
 0.65751    -0.01469
 0.66558    -0.01410
 0.67366    -0.01353
 0.68175    -0.01295
 0.68982    -0.01239
 0.69789    -0.01180
 0.70598    -0.01126
 0.71406    -0.01069
 0.72213    -0.01014
 0.73020    -0.00960
 0.73825    -0.00907
 0.74632    -0.00854
 0.75440    -0.00802
 0.76248    -0.00754
 0.77056    -0.00703
 0.77865    -0.00655
 0.78672    -0.00608
 0.79479    -0.00561
 0.80287    -0.00516
 0.81095    -0.00474
 0.81902    -0.00431
 0.82707    -0.00390
 0.83513    -0.00352
 0.84322    -0.00313
 0.85131    -0.00278
 0.85936    -0.00244
 0.86741    -0.00211
 0.87548    -0.00180
 0.88354    -0.00152
 0.89162    -0.00126
 0.89969    -0.00102
 0.90776    -0.00079
 0.91582    -0.00060
 0.92388    -0.00044
 0.93194    -0.00029
 0.93999    -0.00019
 0.94805    -0.00011
 0.95608    -0.00009
 0.96410    -0.00010
 0.97212    -0.00017
 0.98011    -0.00030
 0.98798    -0.00053
 0.99582    -0.00076
 1.00000    -0.00092

http://kipecoul.e-monsite.com/pages/profil-de-voltige/profil-de-grand-planeur-de-voltige-a-partir-de-4m.html