NE100
    -2.000000    3.000000   -2.500000    3.500000
    1.000000      0.2440450E-16
   0.9964405      0.1006836E-02
   0.9919362      0.2262736E-02
   0.9869603      0.3640384E-02
   0.9815157      0.5148464E-02
   0.9756360      0.6782868E-02
   0.9693785      0.8527126E-02
   0.9628148      0.1036133E-01
   0.9560207      0.1225778E-01
   0.9490619      0.1418560E-01
   0.9419842      0.1612091E-01
   0.9348188      0.1804210E-01
   0.9275792      0.1993475E-01
   0.9202721      0.2178746E-01
   0.9129021      0.2359149E-01
   0.9054693      0.2534093E-01
   0.8979715      0.2703342E-01
   0.8904084      0.2866919E-01
   0.8827785      0.3025032E-01
   0.8750851      0.3177811E-01
   0.8673287      0.3325419E-01
   0.8595114      0.3468027E-01
   0.8516382      0.3605731E-01
   0.8437133      0.3738624E-01
   0.8357407      0.3866813E-01
   0.8277235      0.3990409E-01
   0.8196651      0.4109499E-01
   0.8115685      0.4224175E-01
   0.8034369      0.4334514E-01
   0.7952738      0.4440564E-01
   0.7870827      0.4542375E-01
   0.7788665      0.4640058E-01
   0.7706276      0.4733727E-01
   0.7623685      0.4823439E-01
   0.7540909      0.4909262E-01
   0.7457965      0.4991290E-01
   0.7374865      0.5069626E-01
   0.7291622      0.5144374E-01
   0.7208249      0.5215615E-01
   0.7124751      0.5283429E-01
   0.7041140      0.5347917E-01
   0.6957423      0.5409182E-01
   0.6873605      0.5467312E-01
   0.6789693      0.5522392E-01
   0.6705693      0.5574508E-01
   0.6621610      0.5623751E-01
   0.6537448      0.5670218E-01
   0.6453212      0.5713972E-01
   0.6368906      0.5755061E-01
   0.6284533      0.5793562E-01
   0.6200097      0.5829563E-01
   0.6115602      0.5863126E-01
   0.6031053      0.5894305E-01
   0.5946448      0.5923159E-01
   0.5861795      0.5949745E-01
   0.5777094      0.5974123E-01
   0.5692348      0.5996339E-01
   0.5607561      0.6016432E-01
   0.5522733      0.6034438E-01
   0.5437870      0.6050394E-01
   0.5352969      0.6064345E-01
   0.5268035      0.6076335E-01
   0.5183069      0.6086387E-01
   0.5098073      0.6094519E-01
   0.5013051      0.6100762E-01
   0.4927999      0.6105150E-01
   0.4842923      0.6107702E-01
   0.4757827      0.6108441E-01
   0.4672707      0.6107390E-01
   0.4587569      0.6104584E-01
   0.4502410      0.6100061E-01
   0.4417235      0.6093823E-01
   0.4332044      0.6085865E-01
   0.4246837      0.6076196E-01
   0.4161617      0.6064800E-01
   0.4076378      0.6051617E-01
   0.3991115      0.6036498E-01
   0.3905808      0.6019534E-01
   0.3820509      0.6000716E-01
   0.3735190      0.5980042E-01
   0.3649883      0.5957511E-01
   0.3564635      0.5933061E-01
   0.3479373      0.5906706E-01
   0.3394170      0.5878418E-01
   0.3309012      0.5848190E-01
   0.3223891      0.5816033E-01
   0.3138811      0.5781883E-01
   0.3053795      0.5745794E-01
   0.2968837      0.5707681E-01
   0.2883960      0.5667635E-01
   0.2799142      0.5625529E-01
   0.2714416      0.5581343E-01
   0.2629768      0.5534960E-01
   0.2545214      0.5486501E-01
   0.2460771      0.5435778E-01
   0.2376474      0.5382748E-01
   0.2292307      0.5327376E-01
   0.2208303      0.5269516E-01
   0.2124453      0.5209080E-01
   0.2040804      0.5145952E-01
   0.1957369      0.5080078E-01
   0.1874165      0.5011302E-01
   0.1791222      0.4939587E-01
   0.1708566      0.4864764E-01
   0.1626224      0.4786754E-01
   0.1544259      0.4705323E-01
   0.1462715      0.4620318E-01
   0.1381666      0.4531625E-01
   0.1301187      0.4439103E-01
   0.1221400      0.4342536E-01
   0.1142413      0.4241731E-01
   0.1064455      0.4136745E-01
   0.9877381E-01  0.4027445E-01
   0.9125837E-01  0.3914070E-01
   0.8393209E-01  0.3797052E-01
   0.7684513E-01  0.3676823E-01
   0.7004459E-01  0.3553994E-01
   0.6358143E-01  0.3429405E-01
   0.5750754E-01  0.3304040E-01
   0.5186519E-01  0.3178808E-01
   0.4667864E-01  0.3054471E-01
   0.4195363E-01  0.2931258E-01
   0.3767721E-01  0.2809851E-01
   0.3382310E-01  0.2690695E-01
   0.3035722E-01  0.2573822E-01
   0.2724179E-01  0.2459357E-01
   0.2443853E-01  0.2347551E-01
   0.2191140E-01  0.2238256E-01
   0.1962880E-01  0.2131054E-01
   0.1756269E-01  0.2025643E-01
   0.1568781E-01  0.1921968E-01
   0.1398239E-01  0.1819916E-01
   0.1242747E-01  0.1719356E-01
   0.1100636E-01  0.1620151E-01
   0.9704687E-02  0.1522155E-01
   0.8510213E-02  0.1425223E-01
   0.7413094E-02  0.1329259E-01
   0.6405539E-02  0.1234094E-01
   0.5481575E-02  0.1139559E-01
   0.4636930E-02  0.1045586E-01
   0.3867089E-02  0.9520040E-02
   0.3168152E-02  0.8584849E-02
   0.2538813E-02  0.7649451E-02
   0.1978245E-02  0.6714103E-02
   0.1483618E-02  0.5774964E-02
   0.1054929E-02  0.4831443E-02
   0.6941636E-03  0.3884367E-02
   0.4040600E-03  0.2932952E-02
   0.1888374E-03  0.1980476E-02
   0.5284555E-04  0.1032566E-02
   0.4113280E-06  0.8942598E-04
   0.3884679E-04 -0.8505920E-03
   0.1792872E-03 -0.1786289E-02
   0.4320245E-03 -0.2711028E-02
   0.8051587E-03 -0.3605993E-02
   0.1299778E-02 -0.4453383E-02
   0.1903337E-02 -0.5243251E-02
   0.2600534E-02 -0.5970022E-02
   0.3373929E-02 -0.6639550E-02
   0.4217231E-02 -0.7255576E-02
   0.5128930E-02 -0.7824738E-02
   0.6112814E-02 -0.8353709E-02
   0.7173118E-02 -0.8847343E-02
   0.8314817E-02 -0.9313491E-02
   0.9542982E-02 -0.9760388E-02
   0.1086423E-01 -0.1019458E-01
   0.1228672E-01 -0.1062264E-01
   0.1382117E-01 -0.1104834E-01
   0.1548018E-01 -0.1147495E-01
   0.1727971E-01 -0.1190368E-01
   0.1923939E-01 -0.1233630E-01
   0.2138158E-01 -0.1277629E-01
   0.2373241E-01 -0.1322728E-01
   0.2632367E-01 -0.1369428E-01
   0.2919426E-01 -0.1418233E-01
   0.3238900E-01 -0.1469602E-01
   0.3595476E-01 -0.1523949E-01
   0.3993980E-01 -0.1581860E-01
   0.4439214E-01 -0.1643877E-01
   0.4935176E-01 -0.1710038E-01
   0.5483953E-01 -0.1780475E-01
   0.6084777E-01 -0.1854935E-01
   0.6734294E-01 -0.1932706E-01
   0.7426750E-01 -0.2013094E-01
   0.8154982E-01 -0.2095293E-01
   0.8911736E-01 -0.2178452E-01
   0.9690995E-01 -0.2262002E-01
   0.1048691     -0.2345404E-01
   0.1129581     -0.2428275E-01
   0.1211439     -0.2510404E-01
   0.1294049     -0.2591393E-01
   0.1377247     -0.2671343E-01
   0.1460909     -0.2749836E-01
   0.1544945     -0.2826878E-01
   0.1629299     -0.2902331E-01
   0.1713872     -0.2976041E-01
   0.1798663     -0.3047954E-01
   0.1883615     -0.3117907E-01
   0.1968717     -0.3185897E-01
   0.2053930     -0.3251743E-01
   0.2139231     -0.3315377E-01
   0.2224606     -0.3376711E-01
   0.2310044     -0.3435718E-01
   0.2395524     -0.3492272E-01
   0.2481046     -0.3546275E-01
   0.2566587     -0.3597625E-01
   0.2652130     -0.3646225E-01
   0.2737648     -0.3692030E-01
   0.2823167     -0.3734905E-01
   0.2908621     -0.3774581E-01
   0.2994063     -0.3811034E-01
   0.3079440     -0.3843857E-01
   0.3164751     -0.3873072E-01
   0.3249985     -0.3898772E-01
   0.3335185     -0.3920850E-01
   0.3420285     -0.3939218E-01
   0.3505254     -0.3953759E-01
   0.3590082     -0.3964489E-01
   0.3674769     -0.3971332E-01
   0.3759321     -0.3974090E-01
   0.3843751     -0.3972791E-01
   0.3928029     -0.3967536E-01
   0.4012152     -0.3958253E-01
   0.4096124     -0.3944829E-01
   0.4179993     -0.3927260E-01
   0.4263709     -0.3905443E-01
   0.4347305     -0.3879524E-01
   0.4430794     -0.3849374E-01
   0.4514152     -0.3815012E-01
   0.4597380     -0.3776479E-01
   0.4680490     -0.3733990E-01
   0.4763462     -0.3687550E-01
   0.4846312     -0.3637146E-01
   0.4928992     -0.3582734E-01
   0.5011482     -0.3524508E-01
   0.5093777     -0.3462424E-01
   0.5175866     -0.3396614E-01
   0.5257750     -0.3327112E-01
   0.5339407     -0.3253785E-01
   0.5420857     -0.3177004E-01
   0.5502133     -0.3096553E-01
   0.5583220     -0.3012627E-01
   0.5664164     -0.2924906E-01
   0.5745014     -0.2833554E-01
   0.5825776     -0.2738591E-01
   0.5906504     -0.2639863E-01
   0.5987272     -0.2537347E-01
   0.6068104     -0.2430939E-01
   0.6149078     -0.2320781E-01
   0.6230196     -0.2206793E-01
   0.6311530     -0.2088936E-01
   0.6393074     -0.1967375E-01
   0.6474906     -0.1842209E-01
   0.6557009     -0.1713295E-01
   0.6639428     -0.1579365E-01
   0.6722169     -0.1441624E-01
   0.6805308     -0.1301507E-01
   0.6888869     -0.1159065E-01
   0.6972849     -0.1014861E-01
   0.7057254     -0.8689079E-02
   0.7142067     -0.7211071E-02
   0.7227283     -0.5716062E-02
   0.7312792     -0.4212434E-02
   0.7398463     -0.2717652E-02
   0.7484172     -0.1249817E-02
   0.7569754      0.1771901E-03
   0.7655122      0.1564707E-02
   0.7740192      0.2910833E-02
   0.7824910      0.4200233E-02
   0.7909220      0.5422518E-02
   0.7993049      0.6572612E-02
   0.8076277      0.7641324E-02
   0.8158781      0.8619334E-02
   0.8240424      0.9498637E-02
   0.8321236      0.1027340E-01
   0.8401140      0.1093779E-01
   0.8480169      0.1148792E-01
   0.8558333      0.1192456E-01
   0.8635626      0.1224468E-01
   0.8712033      0.1244784E-01
   0.8787603      0.1253783E-01
   0.8862321      0.1251512E-01
   0.8936190      0.1238169E-01
   0.9009225      0.1213944E-01
   0.9081435      0.1179461E-01
   0.9152854      0.1134855E-01
   0.9223442      0.1080619E-01
   0.9293248      0.1017138E-01
   0.9362277      0.9452995E-02
   0.9430532      0.8656668E-02
   0.9497960      0.7791968E-02
   0.9564363      0.6869181E-02
   0.9629455      0.5907931E-02
   0.9692786      0.4926422E-02
   0.9753825      0.3948823E-02
   0.9811952      0.2999759E-02
   0.9866533      0.2101399E-02
   0.9917088      0.1273657E-02
   0.9963366      0.5421118E-03
    1.000000      0.2440450E-16
